100
8763892
5
3
7551991
5388168
9999162
6735763
6513281
86293
9516811
3702389
2
9999999
1264969
9999929
7783893
5001361
6987083
1144
4170220
559513
10
8184167
928009
9309119
983469
4
2360890
9999161
9999972
7203246
9999996
3323191
8
8291470
8603593
6537523
10000000
9987391
4461643
9999998
3910981
4936439
615403
5094841
9999971
2295773
3023326
6
6697461
140839
1403870
7762723
3132736
3410821
9999997
9999995
9999930
11
4461642
1
6716541
9325574
3929879
1281246
2610613
4461641
1481717
1750607
3877633
3191803
2196613
7
9999991
4046177
6865010
592432
9999973
4751053
4572049
9999163
13
9
5103067
9971849
4125389
8248729
12
9999931
2896297
2872729
9010879
9299449
8460583
6704676
8873129
1507483
1862603
3855409
3949061
